kinematics:
  shoulder:
    x: 0
    y: 0
    z: 0.18093791277490201
    roll: -0
    pitch: 0
    yaw: -2.3994002727734109e-07
  upper_arm:
    x: 0.00013931633717713149
    y: 0
    z: 0
    roll: 1.5700310753699758
    pitch: 0
    yaw: 1.41258399668566e-06
  forearm:
    x: -0.478540543284245
    y: 0
    z: 0
    roll: 3.1413003280638021
    pitch: 3.1408107016730438
    yaw: 3.1415887102581226
  wrist_1:
    x: -0.35994468377923977
    y: -0.00034867105026068558
    z: 0.17465964624471217
    roll: 0.0019962858885124559
    pitch: 0.0012215720813973016
    yaw: 3.9468713439668002e-06
  wrist_2:
    x: 4.071149835973601e-05
    y: -0.11970868168264757
    z: 0.00020600505580757578
    roll: 1.5690754419805759
    pitch: 0
    yaw: 5.6891850803725947e-07
  wrist_3:
    x: -2.2733278190035265e-05
    y: 0.11562196096338609
    z: -1.2691492604408488e-05
    roll: 1.5706865596499036
    pitch: 3.1415926535897931
    yaw: 3.1415925602415817
  hash: calib_1480661299958027976